1
2
3
4
5
7
10
11
13
14
15
16
17
18
19
20
21
22
23
24
25
26
27
30
32
33
34
35
36
39
40
41
42
43
44
45
46
47
48
49
50
51
52
53
54
55
56
57
61
62
63
64
66
67
69
70
71
72
73
74
75
76
77
78
79
80
81
84
85
86
88
90
91
92
94
97
98
100
101
102
103
104
105
106
107
110
112
114
115
120
121
122
124
125
127
128
130
131
132
133
134
135
136
138
139
140
141
143
144
145
146
148
150
152
153
155
159
160
162
167
168
169
174
186
189
190
191
198
199
200
201
202
203
205
206
207
208
209
210
211
212
213
215
217
218
219
221
225
226
228
229
230
232
234
235
236
238
239
240
242
252
253
261
268
269
271
279
283
286
287
295
297
300
301
304
307
309
310
312
315
322
323
327
328
329
332
337
338
340
343
344
347
352
355
368
371
374
377
378
383
392
394
399
410
416
417
424
427
430
433
435
438
450
452
460
463
473
493
494
502
509
516
518
543
547
560
567
572
581
583
621
622
647
649
658
678
680
682
684
695
698
701
703
704
705
706
707
712
713
718
721
727
729
731
732
733
735
739
740
743
746
752
759
763
767
778
785
787
815
841
844
846
853
860
862
867
875
876
877
881
886
895
901
905
912
918
930
931
938
947
953
973
977
978
981
986
992
994
997
1004
1011
1024
1029
1046
1049
1071
1091
1094
1095
1109
1137
1140
1143
1272
1288
1325
1326
1405
1406
1448
1456
1462
1489
1547
1584
1631
1695
1768
1834
1851
1863
1871
1899
1929
2013
2392
2402
2707
2709
2807
3133
