Found 390 unique problem IDs.
1
2
3
4
5
6
7
9
10
11
12
13
14
15
17
18
19
20
21
22
23
25
26
27
28
30
33
34
35
36
39
40
41
42
43
45
46
47
48
49
50
51
52
53
54
55
56
57
58
61
62
63
64
66
67
68
69
70
71
72
73
74
75
76
77
78
79
80
81
82
84
86
88
90
91
92
94
97
98
100
101
102
103
104
105
106
108
110
112
114
115
117
120
121
122
123
124
125
127
128
129
130
131
133
134
135
136
137
138
139
140
141
143
144
145
146
148
149
150
151
152
153
155
159
161
162
163
167
168
169
172
173
186
188
189
190
191
198
199
200
201
202
205
206
207
208
209
210
211
212
213
215
217
219
221
222
224
225
226
228
229
230
232
235
236
238
239
242
247
249
250
252
253
254
255
256
261
265
266
268
269
270
271
272
274
276
277
279
280
281
286
287
289
290
295
297
298
300
304
305
309
310
311
312
314
317
322
323
329
332
333
337
338
340
343
344
346
347
348
353
355
358
366
369
371
373
374
377
380
383
392
394
399
410
416
417
422
424
433
435
439
450
452
460
463
473
484
487
490
494
499
502
505
511
518
530
531
543
545
549
560
567
572
582
588
604
616
621
624
637
642
644
647
649
651
658
678
680
682
684
694
695
698
716
721
723
734
735
739
744
747
753
762
765
768
771
772
778
784
785
789
792
794
803
816
817
850
860
876
883
890
898
907
909
917
931
937
945
948
954
990
1014
1020
1023
1036
1039
1052
1056
1059
1069
1074
1076
1084
1090
1091
1098
1101
1102
1123
1126
1127
1130
1131
1142
1143
1146
1150
1164
1176
1184
1185
1192
1200
1213
1236
1240
1250
1271
1304
1345
1366
1391
1404
1450
1522
1544
1558
1613
1618
1634
1650
1665
1672
1681
1706
1753
1894
1962
1977
1993
2001
2026
2058
2139
2472
2479
2755
2827
2903
3394
