1
2
3
4
5
6
7
9
10
11
12
13
14
15
16
17
18
19
20
21
22
23
24
25
26
27
28
30
32
33
34
35
36
39
40
41
42
43
44
45
46
47
48
49
50
51
52
53
54
55
56
57
58
61
62
63
64
66
67
68
69
70
71
72
73
74
75
76
77
78
79
80
81
82
84
85
86
88
90
91
92
94
97
98
100
101
102
103
104
105
106
107
108
110
112
114
115
117
120
121
122
123
124
125
127
128
129
130
131
132
133
134
135
136
137
138
139
140
141
143
144
145
146
148
149
150
151
152
153
155
159
160
161
162
163
167
168
169
172
173
174
186
188
189
190
191
198
199
200
201
202
203
205
206
207
208
209
210
211
212
213
215
217
218
219
221
222
224
225
226
228
229
230
232
234
235
236
238
239
240
242
247
249
250
252
253
254
255
256
261
265
266
268
269
270
271
272
274
276
277
279
280
281
283
286
287
289
290
295
297
298
300
301
304
305
307
309
310
311
312
314
315
317
322
323
327
328
329
332
333
337
338
340
343
344
346
347
348
352
353
355
358
366
368
369
371
373
374
377
378
380
383
392
394
399
410
416
417
422
424
427
430
433
435
438
439
450
452
460
463
473
484
487
490
493
494
499
502
505
509
511
516
518
530
531
543
545
547
549
560
567
572
581
582
583
588
604
616
621
622
624
637
642
644
647
649
651
658
678
680
682
684
694
695
698
701
703
704
705
706
707
712
713
716
718
721
723
727
729
731
732
733
734
735
739
740
743
744
746
747
752
753
759
762
763
765
767
768
771
772
778
784
785
787
789
792
794
803
815
816
817
841
844
846
850
853
860
862
867
875
876
877
881
883
886
890
895
898
901
905
907
909
912
917
918
930
931
937
938
945
947
948
953
954
973
977
978
981
986
990
992
994
997
1004
1011
1014
1020
1023
1024
1029
1036
1039
1046
1049
1052
1056
1059
1069
1071
1074
1076
1084
1090
1091
1094
1095
1098
1101
1102
1109
1123
1126
1127
1130
1131
1137
1140
1142
1143
1146
1150
1164
1176
1184
1185
1192
1200
1213
1236
1240
1250
1271
1272
1288
1304
1325
1326
1345
1366
1391
1404
1405
1406
1448
1450
1456
1462
1489
1522
1544
1547
1558
1584
1613
1618
1631
1634
1650
1665
1672
1681
1695
1706
1753
1768
1834
1851
1863
1871
1894
1899
1929
1962
1977
1993
2001
2013
2026
2058
2139
2392
2402
2472
2479
2707
2709
2755
2807
2827
2903
3133
3394
